0010000100001100
0011000100001101
0010000100001110
0011000100001111
0111100000000000
1001000100001101
0110000100001101
0110000100001111
0100000100000101
0011000100001011
0111000000000001
0000000000000000
0000000100010000
0000000000000000
1111111111110000
0000000000000000
0000000000010000
0000000000100000
0000000000110000
0000000001000000
0000000001010000
0000000001100000
0000000001110000
0000000010000000
0000000010010000
0000000010100000
0000000010110000
0000000011000000
0000000011010000
0000000011100000
0000000011110000
0000000100000000